b = [0 1 5]; 